x1,x2,x3,x4,x5,x6,x7,x8,x9,x10,x11,x12,x13,x14,x15,x16,x17,x18,x19,x20,x21,x22,x23,x24,x25,x26,x27,x28,x29,x30,x31,x32,x33,x34,x35,x36,x37,x38,x39,x40,x41,x42,x43,x44,x45,x46,x47,x48,x49,x50,x51,x52,x53,x54,x55,x56,x57,x58,x59,x60,x61,x62,x63,x64,x65,x66,x67,x68,x69,x70,x71,x72,x73,x74,x75,x76,x77,x78,x79,x80,x81,x82,x83
0.0,0.029562221526252472,0.029043697901112116,0.025084156271593598,0.019273285323035468,0.030033679127025592,0.027075806297637284,0.02397135931481438,0.03549282449561407,0.028278408812237893,0.024207491712801288,0.06717950087133402,0.062258501933445926,0.06504280632557348,0.05033858405446032,0.06084222116847696,0.0569644076633167,0.0771725308311534,0.059834873826260127,0.05936186878409955,0.05582679570234583,0.07231157599141216,0.06554525790486972,0.07808666103139728,0.06494996795285285,0.06719363460504799,0.05957526458212947,0.0625707971125405,0.06816194598154444,0.1070224653279555,0.07268611770010495,0.047267509663950616,0.23472380749651528,0.3539303206558442,0.34632463162076843,0.35053448432379275,0.35275154178842183,0.21925497881766526,0.25948590069784083,0.304772417972321,0.19651798512360164,0.25701435599820616,0.04723889214535139,0.048484868688772685,0.051908756113800254,0.05142494635302583,0.05109171961819081,0.05174297362570755,0.04009494080366666,0.05254747873749203,0.05167105754187003,0.05214987847940083,0.054934861108265086,0.2476142528283924,0.26732504731363227,0.24570334067017696,0.26452936314628067,0.25297576146398904,0.23372741983943293,0.23900685984830278,0.230353174638632,0.23253190877343066,0.23271506177954834,0.05942314591248208,0.04599663843143475,0.0463762190038093,0.05189423897507479,0.052093947449789395,0.04721117873821078,0.05784191202117232,0.04695093688178926,0.05654042654344845,0.053005974474803645,0.07458024300956276,0.050500225107369165,0.0550839656111268,0.060164155647606965,0.05123272997047727,0.0504607577629823,0.061205002316760404,0.060794857747426705,0.05729872330186868,0.05550271078063983
0.029562221526252472,0.0,0.02435709572737165,0.02218883811596619,0.024745216928835613,0.025719175887337638,0.037271532641264996,0.02298707794511412,0.0229930990166253,0.024745216928835613,0.025581635137948908,0.07809960957561222,0.07690795840911797,0.07634340074831698,0.06333768615882432,0.07332714191474612,0.07094036559897736,0.07415104571851451,0.07448433030193218,0.07594607487716934,0.0732926769256999,0.06666071218883152,0.06159290178390957,0.07342831386188085,0.06205799728661775,0.06324127848408784,0.05727326283247737,0.056919933309959855,0.0642095898605843,0.10307010920699534,0.06703525389752431,0.044151487215612045,0.2458313378813393,0.36503785104066816,0.3574321620055924,0.3616420147086168,0.36385907217324587,0.21341105097716517,0.27059343108266487,0.315879948357145,0.19067405728310155,0.26812188638303014,0.06708235442835227,0.06890624717928612,0.07314598372103355,0.07336712557505982,0.06911231721001967,0.0709964336006838,0.06005102371568166,0.07180093871246829,0.06414485269450175,0.0722908198888894,0.07477832339126597,0.2476142528283924,0.2616741835110516,0.24672703050289305,0.2588784993437,0.24732489766140842,0.24888912570218594,0.23595570722017178,0.23921345876263922,0.232893335800208,0.23271506177954834,0.07728811602458384,0.06328902545156442,0.06338492441680914,0.07009953184832704,0.07065255352108553,0.06444405632105915,0.07607777842085302,0.06440274155940989,0.07532050689633447,0.07049973920234094,0.07530670337853379,0.06514968158304121,0.06973342208679885,0.07051428978648189,0.06872998677183399,0.06750573919301994,0.0701361177881686,0.0771962727389328,0.0725623972067933,0.0726896634103691
0.029043697901112116,0.02435709572737165,0.0,0.024682277867210077,0.023042120965278426,0.014412960425893552,0.03552316779648737,0.02400510708907195,0.02362011226869229,0.02091220590315554,0.027827087734949865,0.0795002678544019,0.07454955527738803,0.07709443320446899,0.06575458399458858,0.07723515514223082,0.07319151806924913,0.07161666854207659,0.07342398655732438,0.07583950965730077,0.07164312426312025,0.06214176902152482,0.05872291681991339,0.07055832889788467,0.05478016098296551,0.06037129352009166,0.05039947811941119,0.05419592288840851,0.061339604896588115,0.10020012424299916,0.06251631073021761,0.04577520331937632,0.23907016904359024,0.3582766822029191,0.35067099316784334,0.35488084587086777,0.35709790333549685,0.20631427435185784,0.2638322622449158,0.3091187795193959,0.18357728065779422,0.2613607175452811,0.07247133288609126,0.07594174167154244,0.07751270618728137,0.07486995981751406,0.07304847054777064,0.0791998466084773,0.06314449113845141,0.08000435172026177,0.07234826570229524,0.07571321087925109,0.08177749385678149,0.2476142528283924,0.25715524034374493,0.239965861665144,0.25435955617639333,0.24280595449410172,0.24664690003174358,0.2314367640528651,0.23697123309219686,0.23253190877343066,0.23203349144611757,0.075677019119154,0.06259476477946985,0.06123238244508198,0.07149299195022941,0.06973219251329027,0.06197857743086396,0.07507547243843724,0.05856552654428866,0.07818268970628772,0.06876143659794165,0.07268184830996723,0.059970677094614844,0.06645744986237286,0.06633095440673345,0.06671737382485621,0.06722689681755888,0.07290840430957995,0.07511216944516844,0.07069530546997826,0.07074002426086763
0.025084156271593598,0.02218883811596619,0.024682277867210077,0.0,0.026324004218192525,0.02437345440749205,0.029535696126337115,0.03077940706230383,0.03174621894876954,0.024431486796142668,0.03370954888778524,0.07830630064023372,0.07199735187374863,0.07235992389740735,0.06111488664092132,0.0725841915268426,0.0684570087621875,0.07015155296330006,0.06697797427290243,0.06938912903584495,0.06619189411480503,0.06690912105767825,0.0616729526614556,0.07350836473942689,0.05954751301911894,0.06332132936163387,0.05417280964839556,0.06211501712789565,0.06497790532023416,0.10315016008454138,0.06728366276637104,0.04790794847310652,0.23057100826293575,0.34977752142226465,0.3421718323871889,0.3463816850902133,0.34859874255484236,0.20348146925967592,0.2553331014642613,0.3006196187387415,0.1807444755656123,0.2528615567646266,0.06203762516146525,0.06550803394691643,0.06707899846265536,0.06500915531571749,0.06533507948586036,0.0687661388838513,0.05332466350140322,0.06957064399563578,0.06744456709985937,0.0654430881827593,0.07134378613215549,0.2476142528283924,0.26192259237989834,0.24030088573644304,0.25912690821254675,0.24757330653025517,0.23372741983943293,0.23620411608901853,0.22857801626856894,0.23253190877343066,0.23271506177954834,0.06937691749227345,0.05610255193589383,0.056314357788219506,0.06285529583818698,0.06337898931254768,0.056648240194248814,0.06859428638806522,0.05685590618520211,0.06841146179496418,0.06365581991481786,0.0749345868609818,0.05671848049804509,0.06162518650155771,0.06543195075441431,0.06133720605477673,0.06285017480458985,0.06813387669992033,0.0699059405209072,0.065331463632878,0.06582343528875115
0.019273285323035468,0.024745216928835613,0.023042120965278426,0.026324004218192525,0.0,0.02435086675978912,0.026786101860680124,0.02357479697822335,0.029080819377244126,0.02404546873733409,0.023738978263534424,0.07100956979065907,0.06705882210202628,0.06984312649415383,0.05484177254026007,0.0629584217206578,0.06270382886466541,0.0811539132918498,0.06463519399484048,0.06710162065182049,0.060850995084983206,0.07137247495864381,0.06430902518932076,0.08029086336002252,0.06690817749623758,0.06595740188949903,0.05863616354936112,0.06163169607977215,0.06692571326599549,0.10578623261240654,0.0717470166673366,0.050479600412980274,0.24444461115856037,0.36365112431788926,0.3560454352828135,0.36025528798583784,0.3624723454504669,0.22323636127836166,0.2692067043598859,0.3144932216343661,0.20049936758429804,0.26673515966025124,0.05436991374370659,0.0554749109349332,0.059057248104968235,0.05931539597435251,0.055933010367508994,0.05842149585982462,0.04713597981012266,0.05945849697340726,0.05156991495364256,0.05928090007775603,0.062065882706620286,0.2476142528283924,0.2663859462808639,0.24534030378011412,0.26359026211351233,0.2520366604312207,0.24279063620959473,0.23900685984830278,0.23395102660734274,0.23253190877343066,0.23271506177954834,0.06423679201488247,0.05082294692985797,0.051342826558810846,0.05688182815999852,0.056911322314603656,0.05229515502808657,0.06278610702027661,0.052241049374438533,0.058422614604032544,0.05849035591320529,0.07856162547025916,0.05530054527594952,0.059884285779707155,0.06401401553231874,0.05625853605883222,0.05513155867352498,0.0641796631072854,0.06474759497646715,0.062099043470449033,0.060782587123834435
0.030033679127025592,0.025719175887337638,0.014412960425893552,0.02437345440749205,0.02435086675978912,0.0,0.0373379042144021,0.03063303630533619,0.026522267754761797,0.026629122942350647,0.035255867568235136,0.07766812323727129,0.07345163095064786,0.06918411839751093,0.05909818942805697,0.0700259990917898,0.07111136278125985,0.07060977102002633,0.06938745926534398,0.07153491533405344,0.07421611757437162,0.056424851982329716,0.06085613019280239,0.07269154227077368,0.049284330607270166,0.06250450689298066,0.05165473648296781,0.05895059493139991,0.06347281826947712,0.10233333761588817,0.058783009963710664,0.04577520331937632,0.22850127831536568,0.34770779147469455,0.3401021024396188,0.3443119551426432,0.34652901260727226,0.19888549451857257,0.2532633715166912,0.2985498887911714,0.17614850082450895,0.2507918268170566,0.0750481390303471,0.07851854781579828,0.08008951233153722,0.0774467659617699,0.0756076211973962,0.08177665275273314,0.06455243692389123,0.08258115786451761,0.07492507184655109,0.07829001702350694,0.08435430000103733,0.24633952371929396,0.2514383233045498,0.2298166166610945,0.24864263913719822,0.23708903745490661,0.24096922032742873,0.22571984701366998,0.2308556444324712,0.23126629342154825,0.22631657440692246,0.07794143443089446,0.06285209312999604,0.05940093353752874,0.07406979809448526,0.06936476727479261,0.06045369127614621,0.07209161373393894,0.0601525369460718,0.08075949585054357,0.06887934213218994,0.07429640945801937,0.057888067567798185,0.06394114623657479,0.06286721511082388,0.06403715760116388,0.06320009981461294,0.06790541786213866,0.0729532170768043,0.068090147182534,0.0688222119115666
0.027075806297637284,0.037271532641264996,0.03552316779648737,0.029535696126337115,0.026786101860680124,0.0373379042144021,0.0,0.026240922596758094,0.0417044346243288,0.034500713037118325,0.029065236836128168,0.06323703664990489,0.05651865779984025,0.05692840918292494,0.04591084629801205,0.0548881430201133,0.04925509654830418,0.071826677031806,0.051720476683611585,0.053223971476399984,0.046667604161142184,0.07190648996377615,0.06633383750227291,0.0781692495802442,0.06454488192521683,0.06798221420245118,0.059170178554493455,0.06472271355700095,0.06895052557894764,0.10781104492535869,0.07228103167246894,0.05051564490221182,0.22091633019747886,0.34012284335680776,0.332517154321732,0.33672700702475633,0.3389440644893854,0.2131568126336414,0.2456784233988044,0.2909649406732846,0.19041981893957777,0.24320687869916974,0.05047561593299544,0.04914836983820419,0.046837372540317744,0.04856571397962898,0.05599622017717547,0.056381527217317026,0.043021181182373004,0.05423148839229145,0.057769223725893895,0.052523936268779714,0.05804092904166852,0.2476142528283924,0.2669199612859962,0.24529825464254096,0.26412427711864467,0.25257067543635303,0.23372741983943293,0.23900685984830278,0.22994808861099597,0.23253190877343066,0.23271506177954834,0.05010706016252413,0.03691202049879331,0.03644372775712129,0.043536388637825885,0.04402474555069219,0.03719703393944194,0.04972751487852378,0.037217879094628835,0.04895132063276724,0.04378549944921859,0.06950006978204758,0.04282098404376017,0.04696956846847826,0.05975906961997095,0.04351260216402322,0.044487671629976695,0.055975233623877504,0.054180550355384535,0.04918432615922014,0.04587965209445541
0.02397135931481438,0.02298707794511412,0.02400510708907195,0.03077940706230383,0.02357479697822335,0.03063303630533619,0.026240922596758094,0.0,0.02743186411310123,0.021894279901870504,0.023263506881909778,0.07815028801414191,0.06936135234502433,0.07214565673715188,0.05680093451667878,0.06827023940260006,0.06398695667491797,0.08743608283739687,0.06693772423783853,0.06573477037487763,0.06177956025471583,0.0723918773913893,0.06846700071342665,0.08657303290556959,0.07319034704178465,0.06606721857658909,0.05965556598210661,0.06265109851251764,0.07063563229409266,0.11096151325057503,0.0727664191000821,0.057267862860906904,0.25200990851436,0.37121642167368885,0.3636107326386131,0.36782058534163753,0.3700376428062666,0.22951853082390875,0.27677200171568556,0.3220585189901657,0.20678153712984512,0.2743004570160509,0.054800477036217515,0.0559647250331654,0.05953753391309238,0.06055948028743591,0.05708802848999205,0.05868522123733168,0.047566543102633585,0.060702581286490656,0.05183364033114962,0.060368893003632955,0.06249644599913121,0.2476142528283924,0.2674053487136094,0.25290560113591376,0.2646096645462578,0.2530560628639662,0.24933653113264886,0.23900685984830278,0.24151632396314235,0.23334074123067092,0.23271506177954834,0.06512120421096812,0.04821594674197584,0.05208075918366738,0.057935142450973934,0.05907708875125387,0.05267571423810738,0.06494476243275073,0.05265183889128092,0.06377073414978518,0.05932339387860022,0.08484379501580623,0.05760307551894757,0.062186816022705205,0.06631654577531679,0.05810155170914316,0.059922140719677774,0.07201849719137844,0.06544622066060198,0.06440157371344708,0.06138054143023562
0.03549282449561407,0.0229930990166253,0.02362011226869229,0.03174621894876954,0.029080819377244126,0.026522267754761797,0.0417044346243288,0.02743186411310123,0.0,0.022842006789876912,0.02667105599589121,0.08775600724437714,0.08308363933970757,0.08424550161302402,0.07024269541365535,0.08171200029957663,0.08020359117287568,0.08516342611572843,0.07937301768709062,0.08206939331841558,0.07752095507456414,0.06827508776930373,0.0673624939885665,0.08403573837570762,0.06907957849121026,0.06543661145220825,0.05553877636002104,0.058973121085196825,0.070011046241223,0.11033692719770537,0.06718055526489584,0.05574838859729303,0.26411577446174334,0.38332228762107223,0.3757165985859965,0.3799264512890208,0.3821435087536499,0.22540776227333437,0.2888778676630689,0.3341643849375491,0.20267076857927074,0.2864063229634342,0.0722901316349889,0.07576054042044009,0.07831978124719785,0.07740403056202776,0.07393527011233061,0.07901864535737496,0.06459631354515236,0.07982315046915944,0.0721670644511929,0.07682337762844949,0.08159629260567915,0.26243065416591543,0.2632885590915238,0.2650114670832971,0.2604928749241722,0.24893927324188064,0.26555918670211776,0.237570082800644,0.25588351976257107,0.2495633968001398,0.23271506177954834,0.08212756531994214,0.06871115290440441,0.06689323150556359,0.07523789932564992,0.07570638392892326,0.06793583927293012,0.08105898775316156,0.06852569205686122,0.08057852594867485,0.07429141338035496,0.08341116400343211,0.0697029203948197,0.07523069716940026,0.07841639065118892,0.0722595049148553,0.07234743756081488,0.07931299853976817,0.0807913008130643,0.07650141858931922,0.0759065106610933
0.028278408812237893,0.024745216928835613,0.02091220590315554,0.024431486796142668,0.02404546873733409,0.026629122942350647,0.034500713037118325,0.021894279901870504,0.022842006789876912,0.0,0.024426021978442562,0.08188551314164268,0.07733146310792903,0.07965222875177361,0.0632976521093524,0.07458950502158448,0.07354452344337331,0.07822134939508481,0.07444429625246025,0.07462543803741867,0.07093617403029445,0.07034088263755568,0.0646951262497538,0.077093661655064,0.06329640514109476,0.06634350294993208,0.05760457122827299,0.06060010375868402,0.06731181432642853,0.10617233367283958,0.07071542434624847,0.04827235663911038,0.25167353338212545,0.37088004654145434,0.3632743575063786,0.3674842102094029,0.369701267674032,0.21962458892321884,0.276435626583451,0.3217221438579312,0.19688759522915522,0.2739640818838163,0.06490672916392509,0.06703567782268577,0.07095005481041064,0.07081832473123986,0.06636931088510442,0.07029378275962064,0.057656257670357806,0.07109828787140512,0.06344220185343859,0.07062773744743692,0.07287143000792483,0.24792261821804562,0.26535435395977575,0.2525692260036792,0.2625586697924242,0.25100506811013257,0.25105115075424794,0.23900685984830278,0.24137548381470122,0.23505536085227,0.23271506177954834,0.07486607268891235,0.06151758891676336,0.06052543221225618,0.0680916048397607,0.0687550724000224,0.061271627198038164,0.07389149415012189,0.056121232202250654,0.07367077760034801,0.06805448636511585,0.07752833307780965,0.06510964753356929,0.06969338803732693,0.07382311778993851,0.06601042359203041,0.0662414063386622,0.07219050326177602,0.07440521921234264,0.0719081457280688,0.07003307402804183
0.024207491712801288,0.025581635137948908,0.027827087734949865,0.03370954888778524,0.023738978263534424,0.035255867568235136,0.029065236836128168,0.023263506881909778,0.02667105599589121,0.024426021978442562,0.0,0.08144745031163822,0.0726635582708444,0.07544786266297196,0.05909328602055075,0.07047126435296441,0.06669596546070379,0.09205891410029582,0.0702399301636586,0.06668211327062018,0.06318688473152184,0.07464830191655522,0.0730898319763256,0.09119586416846853,0.0778131783046836,0.06856118273995616,0.06168384005217077,0.0646793725825818,0.07572415365029452,0.11605003460677689,0.07479469317014625,0.06092754076882552,0.25790667163301484,0.37711318479234374,0.369507495757268,0.37371734846029236,0.37593440592492144,0.2341413620868077,0.2826687648343404,0.3279552821088206,0.21140436839274407,0.2801972201347057,0.054558014207242427,0.056280263267576444,0.060374551285436215,0.060469609774557204,0.05592561359219867,0.05804672086067622,0.0468894408017931,0.06061271077361195,0.05107929811684138,0.06027902249075425,0.06206613728602516,0.2500764876450372,0.26943362278367355,0.2588023642545686,0.26663793861632196,0.2550843369340304,0.2532050201812396,0.23900685984830278,0.2474130870817972,0.2372092302792616,0.23271506177954834,0.06674989281033786,0.0528713138566951,0.05358596365687081,0.05912579406294201,0.05964536837436844,0.054356980780111586,0.0682469683585708,0.054295962586959165,0.06441014062417305,0.06100469476761753,0.08946662627870518,0.060905281444767645,0.06548902194852528,0.06961875170113686,0.05912889380531368,0.06055733484926201,0.07483299483793826,0.06726530990280363,0.06770377963926716,0.06309164748545967
0.06717950087133402,0.07809960957561222,0.0795002678544019,0.07830630064023372,0.07100956979065907,0.07766812323727129,0.06323703664990489,0.07815028801414191,0.08775600724437714,0.08188551314164268,0.08144745031163822,0.0,0.03883883061818361,0.04603281337591625,0.05201680112268131,0.04771065617213242,0.04706498678595439,0.029254261020803564,0.04436221580182996,0.05687182037078259,0.07701635623191821,0.04897447495584589,0.04839938111054742,0.06294255347704936,0.04801832426951733,0.0517829148244771,0.05511721686692294,0.05061855837259065,0.05772292135523614,0.09448271740452818,0.04819969456465453,0.04476206766896314,0.1333565138046436,0.2525630269639725,0.24495733792889673,0.2491671906319211,0.2513842480965502,0.15269391177516947,0.15811860700596916,0.20340512428044932,0.12995691808110585,0.1556470623063345,0.11093851679146738,0.10961127069667612,0.10730027339878967,0.10982069295232122,0.11428766528112531,0.11684442807578896,0.10408111005715537,0.11469438925076339,0.11823212458436583,0.11259876624822421,0.11850382990014045,0.23228116230606866,0.2373799618913245,0.21575825524786924,0.23458427772397294,0.2230306760416813,0.21884335241092223,0.21166148560044468,0.2105904716695839,0.22547998585619272,0.21225821299369718,0.07951278825058428,0.07476905895941505,0.06483577060562244,0.08229979171551535,0.07365623387098538,0.05741148705940079,0.0665896637537813,0.06679179667884762,0.08343809634592993,0.0760075143303598,0.028884317661883048,0.03746628737412335,0.0483236883656022,0.03323494217298542,0.05319937690609566,0.050404529209209695,0.02864321554676577,0.05200169375325925,0.04604978310266912,0.07409983170715459
0.062258501933445926,0.07690795840911797,0.07454955527738803,0.07199735187374863,0.06705882210202628,0.07345163095064786,0.05651865779984025,0.06936135234502433,0.08308363933970757,0.07733146310792903,0.0726635582708444,0.03883883061818361,0.0,0.02296719373527141,0.027565084659695628,0.031113952338575057,0.029220118492794947,0.0461385373680888,0.027960537108758607,0.024828588459522134,0.046103450215916705,0.05750928840502495,0.05841433019484457,0.072409919526977,0.0534365497243416,0.0551984132866295,0.059404122696275825,0.0522641175717615,0.06616816388543738,0.11818323660462937,0.05044903388405504,0.05397193474555686,0.15408292406591,0.2732894372252389,0.26568374819016316,0.26989360089318754,0.2721106583578166,0.183606817791171,0.17884501726723556,0.22413153454171575,0.16086982409710737,0.1763734725676009,0.08042186122142975,0.07869836468067462,0.07638736738278817,0.07919549130541631,0.08608285769422751,0.08593152205978745,0.07291276860151516,0.08378148323476187,0.08731921856836432,0.08261057378583175,0.08759092388413894,0.24496046819904144,0.25005926778429727,0.228437561140842,0.2472635836169457,0.2357099819346541,0.231522658303895,0.22434079149341746,0.22326977756255667,0.23126629342154825,0.22493751888666993,0.04641269327632333,0.04282518211925265,0.033726359899040964,0.05138688569951384,0.0419972240390266,0.030795116637332046,0.03599446737852412,0.03419331781161665,0.05252519032992842,0.043556910320006886,0.04662071863725635,0.0298147038621202,0.030674067306934803,0.03375862206833079,0.02687543873758151,0.03183911309280061,0.0347052508764262,0.030373846968298743,0.029961438216558348,0.04259857441581279
0.06504280632557348,0.07634340074831698,0.07709443320446899,0.07235992389740735,0.06984312649415383,0.06918411839751093,0.05692840918292494,0.07214565673715188,0.08424550161302402,0.07965222875177361,0.07544786266297196,0.04603281337591625,0.02296719373527141,0.0,0.02661589656478252,0.031050917890778185,0.02432935066562414,0.0530960326524679,0.02476644530027597,0.0252656202223683,0.04439822618018474,0.05265503527153205,0.05697977590723352,0.07341001888082525,0.05228586330778034,0.0560134749103683,0.0575643336255771,0.05206285733635092,0.06481388957578975,0.11860008764982315,0.04775702876701828,0.049487257362145196,0.15682312247232466,0.2760296356316535,0.26842394659657776,0.27263379929960213,0.2748508567642312,0.18531204182690295,0.1815852156736502,0.22687173294813034,0.16257504813283932,0.17911367097401554,0.0783203867397339,0.07699314064494264,0.0746821433470562,0.07550109749825742,0.08166953522939185,0.08422629802405548,0.06855167737952717,0.08207625919902992,0.08561399453263235,0.07986863798210336,0.08588569984840698,0.2411411894362312,0.24623998902148703,0.22461828237803177,0.24344430485413548,0.23189070317184385,0.22770337954108477,0.22052151273060722,0.21945049879974643,0.23126629342154825,0.22111824012385972,0.044707469240591366,0.04007694930512787,0.036055910324554324,0.04968166166378188,0.040107134936930494,0.037047452651278664,0.0366890069178445,0.036869348051416576,0.05081996629419645,0.04185168628427492,0.05251267698380535,0.02774966016898131,0.029613822488140054,0.03332061557889342,0.03241234111886376,0.03480286987246918,0.037868417457082915,0.029502292622803364,0.028652716468634362,0.04089335038008082
0.05033858405446032,0.06333768615882432,0.06575458399458858,0.06111488664092132,0.05484177254026007,0.05909818942805697,0.04591084629801205,0.05680093451667878,0.07024269541365535,0.0632976521093524,0.05909328602055075,0.05201680112268131,0.027565084659695628,0.02661589656478252,0.0,0.03819596880849597,0.03272633040576571,0.06001651431544773,0.027597021749172224,0.02743712435885374,0.03731194287319473,0.044944007330607535,0.04355630614355244,0.06164229002201553,0.04165910654434393,0.04259000514668722,0.04416680031443803,0.03945874488461844,0.051310139834145244,0.10746457519776657,0.03788375280963763,0.037356916143788325,0.1815311732635626,0.3007376864228915,0.29313199738781576,0.29734185009084013,0.2995589075554692,0.19798729032646803,0.20629326646488816,0.25157978373936835,0.1752502966324044,0.20382172176525348,0.06564513824016882,0.06431789214537756,0.06200689484749112,0.06282584899869234,0.06899428672982677,0.0715510495244904,0.05587642887996208,0.06940101069946483,0.07293874603306727,0.06719338948253828,0.0732104513488419,0.24546296378697957,0.2505617633722354,0.2289400567287801,0.2477660792048838,0.23621247752259222,0.23202515389183315,0.2248432870813556,0.2237722731504948,0.23126629342154825,0.22544001447460804,0.035108630479577504,0.03534269220073905,0.030244342289312838,0.037006413164216795,0.03444485286746209,0.027803618121436557,0.03384246148162251,0.03305643798481516,0.04219015176447376,0.031832228864941456,0.058496664730570413,0.02723575781306082,0.028014951937228118,0.03186143268820266,0.03050639862359812,0.028134035711155428,0.04351382473895759,0.03029048169154204,0.027782420008429842,0.03180327402760246
0.06084222116847696,0.07332714191474612,0.07723515514223082,0.0725841915268426,0.0629584217206578,0.0700259990917898,0.0548881430201133,0.06827023940260006,0.08171200029957663,0.07458950502158448,0.07047126435296441,0.04771065617213242,0.031113952338575057,0.031050917890778185,0.03819596880849597,0.0,0.03182002661876934,0.054624623428170746,0.03539635311654292,0.031189709817463537,0.048161008005893874,0.06345969012201139,0.07099897715369399,0.09000851864701959,0.05898042495422314,0.07095623377169127,0.0631638469336462,0.06316251834411774,0.0796763684591493,0.13583080382277063,0.05639943560104148,0.05878468085142444,0.1554226237965251,0.27462913695585395,0.2670234479207782,0.2712333006238026,0.27345035808843166,0.18479423620343294,0.18018471699785066,0.2254712342723308,0.16205724250936931,0.17771317229821598,0.07790490976425979,0.07632794273430904,0.0751999489705262,0.07601890312172742,0.08078316473684381,0.07972865603960305,0.06906948300299716,0.07864607979537083,0.08110669558502506,0.08038644360557337,0.0828558401999788,0.2476142528283924,0.2561619508196368,0.23454024417618152,0.25336626665228523,0.24181266496999362,0.23372741983943293,0.230443474528757,0.22857801626856894,0.23253190877343066,0.23104020192200947,0.051741808829448815,0.04481511587073833,0.03773975552641024,0.051228069855506625,0.044879352202415394,0.028728010463729074,0.03579049829726123,0.03675376242286644,0.05337811494082716,0.04826041004922343,0.06109657401162909,0.04168486761374187,0.03870933067513725,0.03966301355389859,0.03310325199212612,0.028835005127854724,0.04379255904275113,0.03115526981513908,0.03385286443737231,0.04505922828269449
0.0569644076633167,0.07094036559897736,0.07319151806924913,0.0684570087621875,0.06270382886466541,0.07111136278125985,0.04925509654830418,0.06398695667491797,0.08020359117287568,0.07354452344337331,0.06669596546070379,0.04706498678595439,0.029220118492794947,0.02432935066562414,0.03272633040576571,0.03182002661876934,0.0,0.05267971811484866,0.02865937453284243,0.02508069697782757,0.04343574548120194,0.055490334820045256,0.05708326851549862,0.07305207726716151,0.05160106146732143,0.054167355509944705,0.05776858067595507,0.054967849595919466,0.06771888183535829,0.11887436244291255,0.049257496810237306,0.0518951107227727,0.16074390199818495,0.27995041515751384,0.2723447261224381,0.2765545788254624,0.2787716362900915,0.18627452252588575,0.1855059951995105,0.23079251247399066,0.16353752883182213,0.18303445049987582,0.0773579060407511,0.07603065994595984,0.07371966264807339,0.07453861679927462,0.08070705453040905,0.08326381732507268,0.06758919668054436,0.08111377850004711,0.08465151383364955,0.07890615728312056,0.08492321914942418,0.2469347878116219,0.25203358739687776,0.23041188075342245,0.24923790322952616,0.23768430154723455,0.23349697791647547,0.22631511110599792,0.22524409717513713,0.23126629342154825,0.2269118384992504,0.04423662627608245,0.04014825741411322,0.035725088389877833,0.048719180964799075,0.04157739662502512,0.03200763145218488,0.03556569083040707,0.03556569083040707,0.04985748559521365,0.043654558796227635,0.05354485039384349,0.0347026248374447,0.033351007932489074,0.03834910517928193,0.027690145297180453,0.029756484395977813,0.03790240117867878,0.027331608191689102,0.028156353253247106,0.040339394534548295
0.0771725308311534,0.07415104571851451,0.07161666854207659,0.07015155296330006,0.0811539132918498,0.07060977102002633,0.071826677031806,0.08743608283739687,0.08516342611572843,0.07822134939508481,0.09205891410029582,0.029254261020803564,0.0461385373680888,0.0530960326524679,0.06001651431544773,0.054624623428170746,0.05267971811484866,0.0,0.054933913860943706,0.06587810285562579,0.08394382922885445,0.0457766940091317,0.0455606704696738,0.057685141604730567,0.04477175193867233,0.05057458016758641,0.05113865976084425,0.04953964356632473,0.05625454569519345,0.0928650406386318,0.04223013046190818,0.041762597310410376,0.1254424199286686,0.24464893308799748,0.23704324405292174,0.2412530967559461,0.2434701542205752,0.14208244798651187,0.15020451312999417,0.19549103040447433,0.11934545429244825,0.1477329684303595,0.11913309312603486,0.11877089390513562,0.11608402151102895,0.1160426242450949,0.12191583462624858,0.12260333797895444,0.11465280811626911,0.12153587539816108,0.12261299494210931,0.11755286279830715,0.12113555564293019,0.2327418076105564,0.23784060719581224,0.21621890055235696,0.23504492302846067,0.22349132134616906,0.21930399771540998,0.21212213090493243,0.21105111697407164,0.22594063116068047,0.2127188582981849,0.07897454521649395,0.08456522163400661,0.0750402728727377,0.08887355828731107,0.08344814827941145,0.068022017832653,0.07641057890251152,0.0759333573263706,0.08561046198056302,0.08337184365019645,0.03319354777871937,0.043712764262859014,0.055104143468964,0.04722013754557286,0.06176694183262822,0.056019260538103965,0.03335013758334992,0.06131433925711227,0.055784748016499394,0.08252948194858625
0.059834873826260127,0.07448433030193218,0.07342398655732438,0.06697797427290243,0.06463519399484048,0.06938745926534398,0.051720476683611585,0.06693772423783853,0.07937301768709062,0.07444429625246025,0.0702399301636586,0.04436221580182996,0.027960537108758607,0.02476644530027597,0.027597021749172224,0.03539635311654292,0.02865937453284243,0.054933913860943706,0.0,0.02264137792161476,0.04092007812166884,0.05954062667211665,0.060183289282870076,0.07826927316133317,0.05495514565161708,0.06206544796422823,0.059356769871673674,0.054782609711862856,0.06793712297346288,0.12305331242388748,0.052480372151146745,0.05266808713140583,0.15946244108020494,0.2786689542395338,0.27106326520445806,0.27527311790748243,0.2774901753721115,0.18879018988541885,0.1842245342815305,0.22951105155601065,0.16605319619135522,0.1817529895818958,0.074842238681218,0.07351499258642674,0.0712039952885403,0.07202294943974152,0.07819138717087595,0.08074814996553958,0.06507352932101126,0.07859811114051402,0.08213584647411645,0.07639048992358746,0.08240755178989108,0.2471879513861802,0.25228675097143605,0.23066504432798074,0.24949106680408445,0.23793746512179284,0.23372741983943293,0.2265682746805562,0.22549726074969542,0.23126629342154825,0.2271650020738087,0.041229321182075465,0.03863904466178221,0.03768426420399776,0.04620351360526598,0.03831812659144765,0.036608785316611034,0.035483000759654396,0.036829615173048426,0.04734181823568055,0.03837353822575902,0.05284659990329728,0.034442960395067036,0.030425941830124162,0.03517268179135472,0.034815487783638105,0.03706891644786908,0.03507045443185154,0.030919004354744484,0.030921750105500766,0.0383835398129302
0.05936186878409955,0.07594607487716934,0.07583950965730077,0.06938912903584495,0.06710162065182049,0.07153491533405344,0.053223971476399984,0.06573477037487763,0.08206939331841558,0.07462543803741867,0.06668211327062018,0.05687182037078259,0.024828588459522134,0.0252656202223683,0.02743712435885374,0.031189709817463537,0.02508069697782757,0.06587810285562579,0.02264137792161476,0.0,0.025614243056515384,0.06946636958051165,0.0639246714041363,0.0838853944549232,0.06488088856001208,0.0636819268243108,0.06497694813370626,0.057849566549932896,0.07240206151176883,0.12807489062784966,0.062406115059541745,0.05401697451129187,0.17611365798465087,0.29532017114397974,0.287714482108904,0.29192433481192837,0.29414139227655745,0.20789998506751065,0.20087575118597642,0.24616226846045658,0.18522355714807404,0.19840420648634174,0.05833955249537903,0.054646894806363214,0.054844429403140854,0.057926530556761564,0.06331294554798675,0.06157778900882077,0.05183261130804423,0.0594657610844355,0.06296548551739764,0.06155691207863811,0.06429467359627558,0.2476142528283924,0.25969334982755815,0.23807164318410284,0.25689766566020655,0.24534406397791497,0.23372741983943293,0.23397487353667834,0.22857801626856894,0.23253190877343066,0.23271506177954834,0.030538287749905177,0.030553095405197225,0.03237618665659887,0.027046000355128316,0.02783186056600309,0.028858187293610303,0.028207155441032583,0.027573918179519243,0.03580251077955374,0.03174547542914723,0.06328581503403514,0.03316515239867174,0.032132904005645856,0.040993019143525405,0.025951575450198563,0.029529945836433917,0.04865218359326823,0.030408592676104046,0.029080434588466784,0.03386665686616308
0.05582679570234583,0.0732926769256999,0.07164312426312025,0.06619189411480503,0.060850995084983206,0.07421611757437162,0.046667604161142184,0.06177956025471583,0.07752095507456414,0.07093617403029445,0.06318688473152184,0.07701635623191821,0.046103450215916705,0.04439822618018474,0.03731194287319473,0.048161008005893874,0.04343574548120194,0.08394382922885445,0.04092007812166884,0.025614243056515384,0.0,0.073964783977595,0.06865873789660559,0.08883168313005539,0.07338208422496359,0.06801139013646974,0.0694753625307896,0.06234798094701624,0.07673152482392777,0.13285222821805742,0.06690452945662509,0.05614172498504591,0.20185918407808737,0.32106569723741624,0.3134600082023405,0.31766986090536486,0.31988691836999394,0.2297102680070877,0.22662127727941292,0.2719077945538931,0.20697327431302406,0.22414973257977824,0.04065980086958638,0.039054889757824396,0.040017678951010986,0.04018001705157463,0.04245620802036781,0.04237671829818412,0.037779759938159276,0.042469426021192504,0.041616266056673054,0.04075260447232023,0.042994372558704995,0.2476142528283924,0.26818757315312797,0.24656586650967266,0.26539188898577637,0.2538382873034848,0.23372741983943293,0.23900685984830278,0.23121570047812773,0.23253190877343066,0.23271506177954834,0.03151961860289403,0.03186731542497839,0.0303074832834948,0.030602412926145676,0.030901175872531335,0.030133076024012335,0.0312986344192253,0.03014589909554534,0.033669125266021296,0.03003587125308771,0.08503553219898517,0.05325412051970063,0.03864185538916984,0.05730711187811166,0.031124331502696806,0.038618830106300586,0.07040190075821826,0.029048727594917848,0.03917759438265846,0.031273201647163844
0.07231157599141216,0.06666071218883152,0.06214176902152482,0.06690912105767825,0.07137247495864381,0.056424851982329716,0.07190648996377615,0.0723918773913893,0.06827508776930373,0.07034088263755568,0.07464830191655522,0.04897447495584589,0.05750928840502495,0.05265503527153205,0.044944007330607535,0.06345969012201139,0.055490334820045256,0.0457766940091317,0.05954062667211665,0.06946636958051165,0.073964783977595,0.0,0.037223510505454194,0.040304905623733955,0.029072103896813736,0.034730893146840816,0.029265541971662354,0.025450725871155364,0.03520702658538985,0.070224269661484,0.027804643291747887,0.03182464471021705,0.1699337696015291,0.28914028276085796,0.2815345937257822,0.2857444464288066,0.28796150389343567,0.15949306017025247,0.19469586280285464,0.2399823800773348,0.13675606647618885,0.19222431810321997,0.10413936839638438,0.10281212230159312,0.10050112500370667,0.1013200791549079,0.10748851688604233,0.11004527968070596,0.09437065903617764,0.10789524085568039,0.11143297618928283,0.10568761963875384,0.11170468150505745,0.22853045529838306,0.2325145825358099,0.21089287589235461,0.22971889836845832,0.21816529668616672,0.21397797305540764,0.20679610624493008,0.20722890784682596,0.2284093886990341,0.20920181161703874,0.07769010083411784,0.07087325021468069,0.0672492571213476,0.07556580662019301,0.07055233214434613,0.06824079944807195,0.06497154729827774,0.06780386835815079,0.08050816225376695,0.07021972132048804,0.047699206824571946,0.036301217181839915,0.04732672953444916,0.045794095050198394,0.059818974171683914,0.05493260783323335,0.04285513711671929,0.06454456771584699,0.053979900975530945,0.06857087831478997
0.06554525790486972,0.06159290178390957,0.05872291681991339,0.0616729526614556,0.06430902518932076,0.06085613019280239,0.06633383750227291,0.06846700071342665,0.0673624939885665,0.0646951262497538,0.0730898319763256,0.04839938111054742,0.05841433019484457,0.05697977590723352,0.04355630614355244,0.07099897715369399,0.05708326851549862,0.0455606704696738,0.060183289282870076,0.0639246714041363,0.06865873789660559,0.037223510505454194,0.0,0.03339987431795335,0.028689223649978862,0.027663586898514864,0.03350445440156509,0.026889371123563995,0.02193014423512664,0.06710062875134098,0.030501686026598772,0.02850915019662288,0.1731393443703979,0.29234585752972675,0.284740168494651,0.2889500211976754,0.29116707866230446,0.1610515301104821,0.19790143757172346,0.24318795484620362,0.13831453641641847,0.19542989287208878,0.10165734084129224,0.10033009474650101,0.09934112401036435,0.10186317510028609,0.10500648933095019,0.10756325212561384,0.09660554321766224,0.10541321330058825,0.1089509486341907,0.10431115883622458,0.10922265394996533,0.2346045859555686,0.23970338554082443,0.21808167889736918,0.2369077013734729,0.22535409969118125,0.22116677606042218,0.21398490924994462,0.21291389531908383,0.22780340950569267,0.21458163664319713,0.07343391556662955,0.06676428950684468,0.05975614227835961,0.07394217338020273,0.06564721615224953,0.06074768460508395,0.07300148587971252,0.06497657012583588,0.07610930617104228,0.06625329037161973,0.03789447451546617,0.041392834618523305,0.044770814527827635,0.04384081805141726,0.05381029886594396,0.05391027283055734,0.043236388256943134,0.05919668230845851,0.05694087517454592,0.06611981472872289
0.07808666103139728,0.07342831386188085,0.07055832889788467,0.07350836473942689,0.08029086336002252,0.07269154227077368,0.0781692495802442,0.08657303290556959,0.08403573837570762,0.077093661655064,0.09119586416846853,0.06294255347704936,0.072409919526977,0.07341001888082525,0.06164229002201553,0.09000851864701959,0.07305207726716151,0.057685141604730567,0.07826927316133317,0.0838853944549232,0.08883168313005539,0.040304905623733955,0.03339987431795335,0.0,0.03658083713009733,0.03745717261786933,0.043478044479564965,0.04104166042902997,0.03276457063796757,0.05216487121713023,0.03595473046061194,0.04131026004291077,0.16715778331331174,0.2863642964726406,0.27875860743756486,0.28296846014058924,0.2851855176052183,0.14294549791833916,0.1919198765146373,0.23720639378911745,0.12020850422427554,0.18944833181500262,0.12103421299616289,0.11935968455350643,0.11704868725561998,0.11926470327141417,0.12669520946896065,0.12659284193261927,0.1135251203762483,0.1244428031075937,0.12798053844119614,0.1232229255605649,0.12825224375697075,0.22786156210053488,0.2313855273775538,0.20976382073409852,0.22858984321020223,0.21703624152791062,0.21284891789715155,0.205667051086674,0.2045960371558132,0.22498866675953427,0.20920181161703874,0.09232632467081289,0.0834375338939858,0.07417722294091042,0.09204820557234566,0.08401406479996805,0.07510298880132164,0.09201102737303811,0.0780348632769185,0.095408793375719,0.08421823019283871,0.05124021672034187,0.052916286010948194,0.06285679840629073,0.05644762864092624,0.07223609528144312,0.07264540565182181,0.05454048330591635,0.07944519883779905,0.07595041666787151,0.08347150943674203
